==============================================================================================================
Staggered vs Coupled ODE Solver — Fair Comparison (v2)
  Both solvers use Backward Euler for mechanical side.
  Only difference: coupled solves I,ω simultaneously; staggered solves I first (ω frozen), then ω.
==============================================================================================================

──────────────────────────────────────────────────────────────────────────────────────────────────────────────
SCENARIO: step  |  Step I_des=29A, τ_gravity=5N·m  |  t_end=10ms
──────────────────────────────────────────────────────────────────────────────────────────────────────────────
Fault               dt(ms)    max_I_C    max_I_S  ratio_I    max_ω_C    max_ω_S  ratio_ω
------------------------------------------------------------------------------------------
healthy                0.1     1.6239     1.5296     0.94   0.041107   0.040671     0.99
healthy                0.5     7.1628     6.7401     0.94   0.201928   0.182781     0.91
healthy                1.0    12.5115    11.5099     0.92   0.394296   0.357992     0.91
healthy                5.0    22.7619    21.0211     0.92   1.552050   2.940257     1.89
R_2x                   0.1     2.9867     2.9438     0.99   0.039203   0.039644     1.01
R_2x                   0.5    11.9310    11.6485     0.98   0.175914   0.173076     0.98
R_2x                   1.0    17.1680    16.6528     0.97   0.348456   0.353782     1.02
R_2x                   5.0    25.1544    24.3355     0.97   1.627695   2.184312     1.34
R_5x                   0.1     6.7860     6.7683     1.00   0.036422   0.036565     1.00
R_5x                   0.5    18.3581    18.2551     0.99   0.130459   0.130047     1.00
R_5x                   1.0    22.2530    22.1032     0.99   0.258418   0.263288     1.02
R_5x                   5.0    27.0521    26.8266     0.99   1.200751   1.462875     1.22
demag_50pct            0.1     1.5469     1.5431     1.00   0.020573   0.020535     1.00
demag_50pct            0.5     6.8481     6.7974     0.99   0.090262   0.091254     1.01
demag_50pct            1.0    11.8904    11.7194     0.99   0.150847   0.157657     1.05
demag_50pct            5.0    22.5687    22.0182     0.98   0.505380   0.551441     1.09
demag_75pct            0.1     1.5302     1.5393     1.01   0.010356   0.010300     0.99
demag_75pct            0.5     6.7766     6.7951     1.00   0.045835   0.045650     1.00
demag_75pct            1.0    11.7261    11.7398     1.00   0.079108   0.078830     1.00
demag_75pct            5.0    22.2547    22.2267     1.00   0.146210   0.148958     1.02
friction_2Nm           0.1     1.5799     1.5108     0.96   0.048382   0.023692     0.49
friction_2Nm           0.5     7.1605     6.7364     0.94   0.186668   0.207744     1.11
friction_2Nm           1.0    12.5468    11.5360     0.92   0.291351   0.381841     1.31
friction_2Nm           5.0    22.9535    21.1750     0.92   1.017976   3.558569     3.50
friction_5Nm           0.1     1.5368     1.5057     0.98   0.056074   0.031034     0.55
friction_5Nm           0.5     7.1796     6.7518     0.94   0.264349   0.295710     1.12
friction_5Nm           1.0    12.6302    11.6052     0.92   0.411452   0.581139     1.41
friction_5Nm           5.0    23.2903    21.4502     0.92   0.299810   4.490550    14.98
L_10x                  0.1     0.2553     0.1723     0.67   0.071226   0.038011     0.53
L_10x                  0.5     1.2304     0.8355     0.68   0.334613   0.187504     0.56
L_10x                  1.0     2.3401     1.6143     0.69   0.622442   0.370422     0.60
L_10x                  5.0     9.1628     6.5707     0.72   2.035955   1.824054     0.90
L_100x                 0.1     0.0186     0.0253     1.36   0.029693   0.022668     0.76
L_100x                 0.5     0.0947     0.1244     1.31   0.146080   0.112790     0.77
L_100x                 1.0     0.1925     0.2438     1.27   0.286183   0.224219     0.78
L_100x                 5.0     1.0153     1.0500     1.03   1.204132   1.073064     0.89
V_bus_12V              0.1     1.6239     1.5296     0.94   0.041107   0.040671     0.99
V_bus_12V              0.5     7.1628     6.7401     0.94   0.201928   0.182781     0.91
V_bus_12V              1.0    12.5115    11.5099     0.92   0.394296   0.357992     0.91
V_bus_12V              5.0    22.7619    21.0211     0.92   1.552050   2.940257     1.89
combined               0.1     2.0407     2.0343     1.00   0.019844   0.019941     1.00
combined               0.5     8.1389     8.0686     0.99   0.075840   0.078570     1.04
combined               1.0    11.7110    11.5667     0.99   0.114776   0.141239     1.23
combined               5.0    17.3234    17.0357     0.98   0.182865   0.910048     4.98

──────────────────────────────────────────────────────────────────────────────────────────────────────────────
SCENARIO: sinusoidal  |  Sine 200Hz ±20A, τ_gravity=3N·m  |  t_end=20ms
──────────────────────────────────────────────────────────────────────────────────────────────────────────────
Fault               dt(ms)    max_I_C    max_I_S  ratio_I    max_ω_C    max_ω_S  ratio_ω
------------------------------------------------------------------------------------------
healthy                0.1     2.3614     2.4169     1.02   0.091469   0.079364     0.87
healthy                0.5    10.7582    11.3545     1.06   0.406163   0.377271     0.93
healthy                1.0    18.6095    19.9121     1.07   0.720099   0.699454     0.97
healthy                5.0    20.4929    20.2209     0.99   1.800722   2.198724     1.22
R_2x                   0.1     2.4585     2.4985     1.02   0.087882   0.083686     0.95
R_2x                   0.5    11.5258    11.8430     1.03   0.409708   0.415093     1.01
R_2x                   1.0    20.8641    21.8469     1.05   0.785826   0.765573     0.97
R_2x                   5.0    20.7843    20.2652     0.98   2.100871   2.365755     1.13
R_5x                   0.1     2.4963     2.5147     1.01   0.086376   0.084787     0.98
R_5x                   0.5    11.8365    11.9680     1.01   0.428964   0.433654     1.01
R_5x                   1.0    22.4835    22.8924     1.02   0.856332   0.841585     0.98
R_5x                   5.0    20.5106    20.1223     0.98   2.351813   2.485860     1.06
demag_50pct            0.1     2.1957     2.2397     1.02   0.040977   0.039994     0.98
demag_50pct            0.5    10.1424    10.3841     1.02   0.184950   0.191507     1.04
demag_50pct            1.0    18.0372    18.5484     1.03   0.375391   0.386408     1.03
demag_50pct            5.0    19.3009    19.6640     1.02   1.055545   1.228593     1.16
demag_75pct            0.1     2.1609     2.1821     1.01   0.019849   0.019744     0.99
demag_75pct            0.5    10.0161    10.0925     1.01   0.088707   0.098876     1.11
demag_75pct            1.0    17.9246    18.1683     1.01   0.191477   0.207086     1.08
demag_75pct            5.0    18.7124    19.2341     1.03   0.573592   0.688450     1.20
friction_2Nm           0.1     2.3344     2.3284     1.00   0.083988   0.082052     0.98
friction_2Nm           0.5    10.7787    11.0545     1.03   0.429659   0.426563     0.99
friction_2Nm           1.0    18.6088    19.6623     1.06   0.774681   0.889311     1.15
friction_2Nm           5.0    20.1247    20.1960     1.00   1.600010   1.885044     1.18
friction_5Nm           0.1     2.2611     2.2056     0.98   0.101645   0.106798     1.05
friction_5Nm           0.5    10.4909    10.4514     1.00   0.364290   0.438910     1.20
friction_5Nm           1.0    18.3088    18.2904     1.00   0.952214   1.188740     1.25
friction_5Nm           5.0    20.8366    24.4524     1.17   1.764168   2.653819     1.50
L_10x                  0.1     0.3500     0.3578     1.02   0.017583   0.012370     0.70
L_10x                  0.5     1.6922     1.7083     1.01   0.079464   0.081881     1.03
L_10x                  1.0     3.3519     3.3044     0.99   0.200818   0.215148     1.07
L_10x                  5.0     6.4727     7.1162     1.10   0.776900   1.216291     1.57
L_100x                 0.1     0.0351     0.0423     1.20   0.015576   0.002845     0.18
L_100x                 0.5     0.1653     0.2097     1.27   0.067390   0.024185     0.36
L_100x                 1.0     0.3213     0.4040     1.26   0.108820   0.074184     0.68
L_100x                 5.0     0.7602     1.1945     1.57   0.372279   0.534514     1.44
V_bus_12V              0.1     2.3614     2.4169     1.02   0.091469   0.079364     0.87
V_bus_12V              0.5    10.7582    11.3545     1.06   0.406163   0.377271     0.93
V_bus_12V              1.0    18.6095    19.9121     1.07   0.720099   0.699454     0.97
V_bus_12V              5.0    20.4929    20.2209     0.99   1.800722   2.198724     1.22
combined               0.1     2.4249     2.4468     1.01   0.060931   0.064963     1.07
combined               0.5    11.4708    11.5914     1.01   0.322522   0.350760     1.09
combined               1.0    20.5809    21.2084     1.03   0.573267   0.532573     0.93
combined               5.0    20.1860    20.1968     1.00   1.516893   1.699594     1.12

──────────────────────────────────────────────────────────────────────────────────────────────────────────────
SCENARIO: random_zoh  |  Random ZOH ±25A every 5ms, τ_gravity=5N·m  |  t_end=50ms
──────────────────────────────────────────────────────────────────────────────────────────────────────────────
Fault               dt(ms)    max_I_C    max_I_S  ratio_I    max_ω_C    max_ω_S  ratio_ω
------------------------------------------------------------------------------------------
healthy                0.1    10.5831    10.5304     1.00   0.266439   0.257687     0.97
healthy                0.5    10.4022     9.2414     0.89   0.363976   0.254511     0.70
healthy                1.0    18.1828    15.7663     0.87   0.663795   0.534843     0.81
healthy                5.0    34.0174    30.6603     0.90   1.978232   5.021016     2.54
R_2x                   0.1    18.3617    18.3421     1.00   0.229594   0.270072     1.18
R_2x                   0.5    16.9537    16.3065     0.96   0.398258   0.218474     0.55
R_2x                   1.0    24.5296    23.4018     0.95   0.641399   0.427578     0.67
R_2x                   5.0    37.2946    35.6859     0.96   1.924478   2.498831     1.30
R_5x                   0.1    31.4715    31.5075     1.00   0.271665   0.276609     1.02
R_5x                   0.5    25.6898    25.6823     1.00   0.309583   0.178258     0.58
R_5x                   1.0    31.2142    31.3184     1.00   0.502649   0.360754     0.72
R_5x                   5.0    38.5316    40.5288     1.05   1.735729   1.997937     1.15
demag_50pct            0.1    10.6070    10.6348     1.00   0.132448   0.122083     0.92
demag_50pct            0.5     9.7755     9.6735     0.99   0.242167   0.112955     0.47
demag_50pct            1.0    17.0055    16.7381     0.98   0.437845   0.228638     0.52
demag_50pct            5.0    32.8104    33.3672     1.02   1.318027   1.273453     0.97
demag_75pct            0.1    10.5270    10.5636     1.00   0.083769   0.070907     0.85
demag_75pct            0.5     9.5105     9.6324     1.01   0.111735   0.065478     0.59
demag_75pct            1.0    16.4625    16.6873     1.01   0.205360   0.125281     0.61
demag_75pct            5.0    31.1775    32.6534     1.05   0.660323   0.509950     0.77
friction_2Nm           0.1    10.5743    10.5290     1.00   0.268637   0.257164     0.96
friction_2Nm           0.5    10.3624     9.2580     0.89   0.308928   0.277862     0.90
friction_2Nm           1.0    18.0981    15.7977     0.87   0.578888   0.761321     1.32
friction_2Nm           5.0    33.1659    29.8504     0.90   2.048537   5.244329     2.56
friction_5Nm           0.1    10.5685    10.5309     1.00   0.270134   0.255795     0.95
friction_5Nm           0.5    10.3305     9.2458     0.90   0.316233   0.403442     1.28
friction_5Nm           1.0    18.0767    15.8112     0.87   0.548871   0.965371     1.76
friction_5Nm           5.0    33.2269    30.0158     0.90   1.946511   6.371719     3.27
L_10x                  0.1     1.4325     1.2861     0.90   0.262328   0.179220     0.68
L_10x                  0.5     2.3393     1.1348     0.49   0.603086   0.193876     0.32
L_10x                  1.0     4.4943     2.1893     0.49   1.105174   0.383560     0.35
L_10x                  5.0    16.9976     8.9940     0.53   3.080370   2.010183     0.65
L_100x                 0.1     0.1279     0.1208     0.94   0.075122   0.059566     0.79
L_100x                 0.5     0.1386     0.1338     0.96   0.163388   0.160468     0.98
L_100x                 1.0     0.2716     0.2652     0.98   0.320424   0.318858     1.00
L_100x                 5.0     1.1729     1.2418     1.06   1.353251   1.544955     1.14
V_bus_12V              0.1    10.5831    10.5304     1.00   0.266439   0.257687     0.97
V_bus_12V              0.5    10.4022     9.2414     0.89   0.363976   0.254511     0.70
V_bus_12V              1.0    18.1828    15.7663     0.87   0.663795   0.534843     0.81
V_bus_12V              5.0    34.0174    30.6603     0.90   1.978232   5.021016     2.54
combined               0.1    17.3754    17.3900     1.00   0.140486   0.179600     1.28
combined               0.5    15.7899    15.5643     0.99   0.272611   0.162090     0.59
combined               1.0    22.7496    22.3740     0.98   0.420146   0.350767     0.83
combined               5.0    34.2928    34.6508     1.01   1.296433   1.776176     1.37

──────────────────────────────────────────────────────────────────────────────────────────────────────────────
SCENARIO: swing_stance  |  Swing↔Stance: τ_load={20,1,25}N·m, I_des={25,-15,30}A  |  t_end=30ms
──────────────────────────────────────────────────────────────────────────────────────────────────────────────
Fault               dt(ms)    max_I_C    max_I_S  ratio_I    max_ω_C    max_ω_S  ratio_ω
------------------------------------------------------------------------------------------
healthy                0.1    11.9551    11.9992     1.00   0.264036   0.223177     0.85
healthy                0.5    11.2380    11.5172     1.02   0.427355   0.263934     0.62
healthy                1.0    19.8178    20.0291     1.01   0.739300   0.460452     0.62
healthy                5.0    36.8724    42.5630     1.15   1.585188   1.766770     1.11
R_2x                   0.1    20.4581    20.5147     1.00   0.219387   0.189988     0.87
R_2x                   0.5    18.5315    18.7457     1.01   0.350583   0.223649     0.64
R_2x                   1.0    26.7789    27.1475     1.01   0.548305   0.325206     0.59
R_2x                   5.0    39.2619    43.3139     1.10   1.252508   1.286973     1.03
R_5x                   0.1    35.0121    35.0486     1.00   0.132605   0.140881     1.06
R_5x                   0.5    28.4885    28.6625     1.01   0.218458   0.157408     0.72
R_5x                   1.0    34.5652    34.9400     1.01   0.313345   0.207789     0.66
R_5x                   5.0    41.8129    44.3534     1.06   0.803492   0.704497     0.88
demag_50pct            0.1    11.7220    11.7403     1.00   0.228205   0.203530     0.89
demag_50pct            0.5    10.5599    10.9633     1.04   0.220390   0.226894     1.03
demag_50pct            1.0    18.3564    18.9940     1.03   0.404707   0.419706     1.04
demag_50pct            5.0    33.6498    35.1385     1.04   1.231643   1.512724     1.23
demag_75pct            0.1    11.6881    11.7004     1.00   0.233062   0.222324     0.95
demag_75pct            0.5    10.4736    10.7400     1.03   0.139820   0.133108     0.95
demag_75pct            1.0    18.1163    18.5886     1.03   0.262681   0.249272     0.95
demag_75pct            5.0    32.6741    34.1204     1.04   0.969633   0.924565     0.95
friction_2Nm           0.1    11.9540    11.9590     1.00   0.263687   0.215754     0.82
friction_2Nm           0.5    11.3218    11.5363     1.02   0.455982   0.235752     0.52
friction_2Nm           1.0    19.9570    20.0480     1.00   0.787613   0.414359     0.53
friction_2Nm           5.0    36.7509    42.2922     1.15   1.590300   3.338279     2.10
friction_5Nm           0.1    11.8675    11.9106     1.00   0.234189   0.212261     0.91
friction_5Nm           0.5    11.2548    11.4475     1.02   0.433113   0.269664     0.62
friction_5Nm           1.0    19.8454    19.9462     1.01   0.749668   0.510755     0.68
friction_5Nm           5.0    36.0290    37.1565     1.03   1.305863   2.308114     1.77
L_10x                  0.1     1.2495     1.5006     1.20   0.305768   0.301157     0.98
L_10x                  0.5     2.0806     2.3510     1.13   0.606905   0.356555     0.59
L_10x                  1.0     3.8731     4.5043     1.16   1.123122   0.675988     0.60
L_10x                  5.0    12.3456    15.9295     1.29   3.722834   2.716986     0.73
L_100x                 0.1     0.2361     0.2740     1.16   0.271622   0.236602     0.87
L_100x                 0.5     0.4901     0.4398     0.90   0.468961   0.088379     0.19
L_100x                 1.0     0.9578     0.8729     0.91   0.920218   0.176529     0.19
L_100x                 5.0     3.9702     4.1589     1.05   3.949382   0.899854     0.23
V_bus_12V              0.1    11.9551    11.9992     1.00   0.264036   0.223177     0.85
V_bus_12V              0.5    11.2380    11.5172     1.02   0.427355   0.263934     0.62
V_bus_12V              1.0    19.8178    20.0291     1.01   0.739300   0.460452     0.62
V_bus_12V              5.0    36.8724    42.5630     1.15   1.585188   1.766770     1.11
combined               0.1    15.8565    15.8802     1.00   0.201064   0.179570     0.89
combined               0.5    14.2192    14.4837     1.02   0.208804   0.237800     1.14
combined               1.0    20.4978    20.9164     1.02   0.336464   0.396162     1.18
combined               5.0    29.8164    31.3226     1.05   0.903499   1.418869     1.57

==============================================================================================================